+---------+---------------+----------+
23:54:22,986,659   ETHER
|0   |10|18|9e|0a|80|f7|d0|ad|08|66|8d|0a|08|06|00|01|08|00|06|04|00|01|d0|ad|08|66|8d|0a|c0|a8|63|0e|10|18|9e|0a|80|f7|c0|a8|63|14|

+---------+---------------+----------+
23:54:22,987,290   ETHER
|0   |d0|ad|08|66|8d|0a|10|18|9e|0a|80|f7|08|06|00|01|08|00|06|04|00|02|10|18|9e|0a|80|f7|c0|a8|63|14|d0|ad|08|66|8d|0a|c0|a8|63|0e|00|00|00|00|00|00|00|00|00|00|00|00|00|00|00|00|00|00|

+---------+---------------+----------+
23:54:23,477,003   ETHER
|0   |10|18|9e|0a|80|f7|d0|ad|08|66|8d|0a|08|00|45|00|00|80|f5|74|40|00|2a|06|00|00|c0|a8|63|0e|c0|a8|63|14|fa|9e|0f|a0|1b|10|0a|1b|2c|a4|12|a8|50|18|1a|fa|47|e6|00|00|42|10|00|00|50|00|00|00|76|30|31|00|00|00|00|00|00|00|00|00|00|00|00|00|00|00|00|00|00|00|00|00|00|00|00|00|00|00|00|00|00|00|00|00|00|00|00|00|00|00|00|00|00|00|00|00|00|00|00|00|00|00|00|00|00|00|00|00|00|00|00|00|00|00|00|00|00|00|00|00|00|00|00|00|00|00|00|00|

+---------+---------------+----------+
23:54:23,478,204   ETHER
|0   |d0|ad|08|66|8d|0a|10|18|9e|0a|80|f7|08|00|45|00|00|36|8e|35|40|00|40|06|65|19|c0|a8|63|14|c0|a8|63|0e|0f|a0|fa|9e|2c|a4|12|a8|1b|10|0a|73|50|18|02|1c|f1|1f|00|00|00|00|06|00|00|00|00|00|00|00|00|00|00|01|

+---------+---------------+----------+
23:54:23,478,327   ETHER
|0   |10|18|9e|0a|80|f7|d0|ad|08|66|8d|0a|08|00|45|00|00|80|f5|75|40|00|2a|06|00|00|c0|a8|63|0e|c0|a8|63|14|fa|9e|0f|a0|1b|10|0a|73|2c|a4|12|b6|50|18|1a|ec|47|e6|00|00|3c|10|00|00|50|00|00|00|61|30|31|00|00|00|00|00|00|00|00|00|00|00|00|00|00|00|00|00|00|00|00|00|00|00|00|00|00|00|00|00|00|00|00|00|00|00|00|00|00|00|00|00|00|00|00|00|00|00|00|00|00|00|00|00|00|00|00|00|00|00|00|00|00|00|00|00|00|00|00|00|00|00|00|00|00|00|00|00|

+---------+---------------+----------+
23:54:23,479,413   ETHER
|0   |d0|ad|08|66|8d|0a|10|18|9e|0a|80|f7|08|00|45|00|00|36|8e|36|40|00|40|06|65|18|c0|a8|63|14|c0|a8|63|0e|0f|a0|fa|9e|2c|a4|12|b6|1b|10|0a|cb|50|18|02|1c|f0|ba|00|00|00|00|06|00|00|00|00|00|00|00|00|00|00|00|

+---------+---------------+----------+
23:54:23,479,501   ETHER
|0   |10|18|9e|0a|80|f7|d0|ad|08|66|8d|0a|08|00|45|00|00|3c|f5|76|40|00|2a|06|00|00|c0|a8|63|0e|c0|a8|63|14|fa|9e|0f|a0|1b|10|0a|cb|2c|a4|12|c4|50|18|1a|de|47|a2|00|00|2b|20|00|00|0c|00|00|00|05|00|00|00|00|00|00|00|01|00|00|00|

+---------+---------------+----------+
23:54:23,480,595   ETHER
|0   |d0|ad|08|66|8d|0a|10|18|9e|0a|80|f7|08|00|45|00|00|38|8e|37|40|00|40|06|65|15|c0|a8|63|14|c0|a8|63|0e|0f|a0|fa|9e|2c|a4|12|c4|1b|10|0a|df|50|18|02|1c|ee|96|00|00|00|00|08|00|00|00|00|00|00|00|00|00|00|00|00|00|

+---------+---------------+----------+
23:54:23,480,703   ETHER
|0   |10|18|9e|0a|80|f7|d0|ad|08|66|8d|0a|08|00|45|00|00|80|f5|77|40|00|2a|06|00|00|c0|a8|63|0e|c0|a8|63|14|fa|9e|0f|a0|1b|10|0a|df|2c|a4|12|d4|50|18|1a|ce|47|e6|00|00|3c|10|00|00|50|00|00|00|61|30|32|00|00|00|00|00|00|00|00|00|00|00|00|00|00|00|00|00|00|00|00|00|00|00|00|00|00|00|00|00|00|00|00|00|00|00|00|00|00|00|00|00|00|00|00|00|00|00|00|00|00|00|00|00|00|00|00|00|00|00|00|00|00|00|00|00|00|00|00|00|00|00|00|00|00|00|00|00|

+---------+---------------+----------+
23:54:23,481,630   ETHER
|0   |d0|ad|08|66|8d|0a|10|18|9e|0a|80|f7|08|00|45|00|00|36|8e|38|40|00|40|06|65|16|c0|a8|63|14|c0|a8|63|0e|0f|a0|fa|9e|2c|a4|12|d4|1b|10|0b|37|50|18|02|1c|ef|30|00|00|00|00|06|00|00|00|00|00|00|00|00|00|01|00|

+---------+---------------+----------+
23:54:23,481,680   ETHER
|0   |10|18|9e|0a|80|f7|d0|ad|08|66|8d|0a|08|00|45|00|00|3c|f5|78|40|00|2a|06|00|00|c0|a8|63|0e|c0|a8|63|14|fa|9e|0f|a0|1b|10|0b|37|2c|a4|12|e2|50|18|1a|c0|47|a2|00|00|2b|20|00|00|0c|00|01|00|05|00|00|00|00|00|00|00|01|00|00|00|

+---------+---------------+----------+
23:54:23,482,699   ETHER
|0   |d0|ad|08|66|8d|0a|10|18|9e|0a|80|f7|08|00|45|00|00|38|8e|39|40|00|40|06|65|13|c0|a8|63|14|c0|a8|63|0e|0f|a0|fa|9e|2c|a4|12|e2|1b|10|0b|4b|50|18|02|1c|ed|0c|00|00|00|00|08|00|00|00|00|00|01|00|00|00|00|00|00|00|

+---------+---------------+----------+
23:54:23,482,749   ETHER
|0   |10|18|9e|0a|80|f7|d0|ad|08|66|8d|0a|08|00|45|00|00|80|f5|79|40|00|2a|06|00|00|c0|a8|63|0e|c0|a8|63|14|fa|9e|0f|a0|1b|10|0b|4b|2c|a4|12|f2|50|18|1a|b0|47|e6|00|00|3c|10|00|00|50|00|00|00|61|30|33|00|00|00|00|00|00|00|00|00|00|00|00|00|00|00|00|00|00|00|00|00|00|00|00|00|00|00|00|00|00|00|00|00|00|00|00|00|00|00|00|00|00|00|00|00|00|00|00|00|00|00|00|00|00|00|00|00|00|00|00|00|00|00|00|00|00|00|00|00|00|00|00|00|00|00|00|00|

+---------+---------------+----------+
23:54:23,483,909   ETHER
|0   |d0|ad|08|66|8d|0a|10|18|9e|0a|80|f7|08|00|45|00|00|36|8e|3a|40|00|40|06|65|14|c0|a8|63|14|c0|a8|63|0e|0f|a0|fa|9e|2c|a4|12|f2|1b|10|0b|a3|50|18|02|1c|ed|a6|00|00|00|00|06|00|00|00|00|00|00|00|00|00|02|00|

+---------+---------------+----------+
23:54:23,483,943   ETHER
|0   |10|18|9e|0a|80|f7|d0|ad|08|66|8d|0a|08|00|45|00|00|3c|f5|7a|40|00|2a|06|00|00|c0|a8|63|0e|c0|a8|63|14|fa|9e|0f|a0|1b|10|0b|a3|2c|a4|13|00|50|18|1a|a2|47|a2|00|00|2b|20|00|00|0c|00|02|00|05|00|00|00|00|00|00|00|01|00|00|00|

+---------+---------------+----------+
23:54:23,484,988   ETHER
|0   |d0|ad|08|66|8d|0a|10|18|9e|0a|80|f7|08|00|45|00|00|38|8e|3b|40|00|40|06|65|11|c0|a8|63|14|c0|a8|63|0e|0f|a0|fa|9e|2c|a4|13|00|1b|10|0b|b7|50|18|02|1c|eb|82|00|00|00|00|08|00|00|00|00|00|02|00|00|00|00|00|00|00|

+---------+---------------+----------+
23:54:23,485,043   ETHER
|0   |10|18|9e|0a|80|f7|d0|ad|08|66|8d|0a|08|00|45|00|00|80|f5|7b|40|00|2a|06|00|00|c0|a8|63|0e|c0|a8|63|14|fa|9e|0f|a0|1b|10|0b|b7|2c|a4|13|10|50|18|1a|92|47|e6|00|00|3c|10|00|00|50|00|00|00|61|30|34|00|00|00|00|00|00|00|00|00|00|00|00|00|00|00|00|00|00|00|00|00|00|00|00|00|00|00|00|00|00|00|00|00|00|00|00|00|00|00|00|00|00|00|00|00|00|00|00|00|00|00|00|00|00|00|00|00|00|00|00|00|00|00|00|00|00|00|00|00|00|00|00|00|00|00|00|00|

+---------+---------------+----------+
23:54:23,486,048   ETHER
|0   |d0|ad|08|66|8d|0a|10|18|9e|0a|80|f7|08|00|45|00|00|36|8e|3c|40|00|40|06|65|12|c0|a8|63|14|c0|a8|63|0e|0f|a0|fa|9e|2c|a4|13|10|1b|10|0c|0f|50|18|02|1c|ec|1c|00|00|00|00|06|00|00|00|00|00|00|00|00|00|03|00|

+---------+---------------+----------+
23:54:23,486,102   ETHER
|0   |10|18|9e|0a|80|f7|d0|ad|08|66|8d|0a|08|00|45|00|00|3c|f5|7c|40|00|2a|06|00|00|c0|a8|63|0e|c0|a8|63|14|fa|9e|0f|a0|1b|10|0c|0f|2c|a4|13|1e|50|18|1a|84|47|a2|00|00|2b|20|00|00|0c|00|03|00|05|00|00|00|00|00|00|00|01|00|00|00|

+---------+---------------+----------+
23:54:23,487,257   ETHER
|0   |d0|ad|08|66|8d|0a|10|18|9e|0a|80|f7|08|00|45|00|00|38|8e|3d|40|00|40|06|65|0f|c0|a8|63|14|c0|a8|63|0e|0f|a0|fa|9e|2c|a4|13|1e|1b|10|0c|23|50|18|02|1c|e9|f8|00|00|00|00|08|00|00|00|00|00|03|00|00|00|00|00|00|00|

+---------+---------------+----------+
23:54:23,487,332   ETHER
|0   |10|18|9e|0a|80|f7|d0|ad|08|66|8d|0a|08|00|45|00|05|58|f5|7d|40|00|2a|06|00|00|c0|a8|63|0e|c0|a8|63|14|fa|9e|0f|a0|1b|10|0c|23|2c|a4|13|2e|50|18|1a|74|4c|be|00|00|e7|20|00|00|28|05|00|01|00|00|00|00|00|00|f0|3f|00|00|00|00|00|00|f0|3f|00|00|00|00|00|00|00|00|01|00|00|00|00|00|00|00|00|00|00|00|00|00|00|00|00|00|00|00|00|00|f0|3f|00|00|00|00|00|00|f0|3f|00|00|00|00|00|00|00|00|01|00|00|00|01|00|00|00|01|00|00|00|00|00|00|00|00|00|00|00|00|00|f0|3f|00|00|00|00|00|00|f0|3f|00|00|00|00|00|00|00|00|01|00|00|00|02|00|00|00|02|00|00|00|00|00|00|00|00|00|00|00|00|00|f0|3f|00|00|00|00|00|00|f0|3f|00|00|00|00|00|00|00|00|01|00|00|00|03|00|00|00|03|00|00|00|00|00|00|00|00|00|00|00|00|00|00|00|00|00|00|00|00|00|00|00|00|00|00|00|00|00|00|00|00|00|00|00|00|00|00|00|00|00|00|00|00|00|00|00|00|00|00|00|00|00|00|00|00|00|00|00|00|00|00|00|00|00|00|00|00|00|00|00|00|00|00|00|00|00|00|00|00|00|00|00|00|00|00|00|00|00|00|00|00|00|00|00|00|00|00|00|00|00|00|00|00|00|00|00|00|00|00|00|00|00|00|00|00|00|00|00|00|00|00|00|00|00|00|00|00|00|00|00|00|00|00|00|00|00|00|00|00|00|00|00|00|00|00|00|00|00|00|00|00|00|00|00|00|00|00|00|00|00|00|00|00|00|00|00|00|00|00|00|00|00|00|00|00|00|00|00|00|00|00|00|00|00|00|00|00|00|00|00|00|00|00|00|00|00|00|00|00|00|00|00|00|00|00|00|00|00|00|00|00|00|00|00|00|00|00|00|00|00|00|00|00|00|00|00|00|00|00|00|00|00|00|00|00|00|00|00|00|00|00|00|00|00|00|00|00|00|00|00|00|00|00|00|00|00|00|00|00|00|00|00|00|00|00|00|00|00|00|00|00|00|00|00|00|00|00|00|00|00|00|00|00|00|00|00|00|00|00|00|00|00|00|00|00|00|00|00|00|00|00|00|00|00|00|00|00|00|00|00|00|00|00|00|00|00|00|00|00|00|00|00|00|00|00|00|00|00|00|00|00|00|00|00|00|00|00|00|00|00|00|00|00|00|00|00|00|00|00|00|00|00|00|00|00|00|00|00|00|00|00|00|00|00|00|00|00|00|00|00|00|00|00|00|00|00|00|00|00|00|00|00|00|00|00|00|00|00|00|00|00|00|00|00|00|00|00|00|00|00|00|00|00|00|00|00|00|00|00|00|00|00|00|00|00|00|00|00|00|00|00|00|00|00|00|00|00|00|00|00|00|00|00|00|00|00|00|00|00|00|00|00|00|00|00|00|00|00|00|00|00|00|00|00|00|00|00|00|00|00|00|00|00|00|00|00|00|00|00|00|00|00|00|00|00|00|00|00|00|00|00|00|00|00|00|00|04|00|00|00|00|00|00|00|00|00|00|00|00|00|00|00|00|00|00|00|00|00|00|00|00|00|00|00|00|00|00|00|00|00|00|00|00|00|00|00|00|00|00|00|00|00|00|00|00|00|00|00|00|00|00|00|00|00|00|00|00|00|00|00|00|00|00|00|00|00|00|00|00|00|00|00|00|00|00|00|00|00|00|00|00|00|00|00|00|00|00|00|00|00|00|00|00|00|00|00|00|00|00|00|00|00|00|00|00|00|00|00|00|00|00|00|00|00|00|00|00|00|00|00|00|00|00|00|00|00|00|00|00|00|00|00|00|00|00|00|00|00|00|00|00|00|00|00|00|00|00|00|00|00|00|00|00|00|00|00|00|00|00|00|00|00|00|00|00|00|00|00|00|00|00|00|00|00|00|00|00|00|00|00|00|00|00|00|00|00|00|00|00|00|00|00|00|00|00|00|00|00|00|00|00|00|00|00|00|00|00|00|00|00|00|00|00|00|00|00|00|00|00|00|00|00|00|00|00|00|00|00|00|00|00|00|00|00|00|00|00|00|00|00|00|00|00|00|00|00|00|00|00|00|00|00|00|00|00|00|00|00|00|00|00|00|00|00|00|00|00|00|00|00|00|00|00|00|00|00|00|00|00|00|00|00|00|00|00|00|00|00|00|00|00|00|00|00|00|00|00|00|00|00|00|00|00|00|00|00|00|00|00|00|00|00|00|00|00|00|00|00|00|00|00|00|00|00|00|00|00|00|00|00|00|00|00|00|00|00|00|00|00|00|00|00|00|00|00|00|00|00|00|00|00|00|00|00|00|00|00|00|00|00|00|00|00|00|00|00|00|00|00|00|00|00|00|00|00|00|00|00|00|00|00|00|00|00|00|00|00|00|00|00|00|00|00|00|00|00|00|00|00|00|00|00|00|00|00|00|00|00|00|00|00|00|00|00|00|00|00|00|00|00|00|00|00|00|00|00|00|00|00|00|00|00|00|00|00|00|00|00|00|00|00|00|00|00|00|00|00|00|00|00|00|00|00|00|00|00|00|00|00|00|00|00|00|00|00|00|00|00|00|00|00|00|00|00|00|00|00|00|00|00|00|00|00|00|00|00|00|00|00|00|00|00|00|00|00|00|00|00|00|00|00|00|00|00|00|00|00|00|00|00|00|00|00|00|00|00|00|00|00|00|00|00|00|00|00|00|00|00|00|00|00|00|00|00|00|00|00|00|00|00|00|00|00|00|00|00|00|00|00|00|00|00|00|00|00|00|00|00|00|00|00|00|00|00|00|00|00|00|00|00|00|00|00|00|00|00|00|00|00|00|00|00|00|00|00|00|00|00|00|00|00|00|00|00|00|00|00|00|00|00|00|00|00|00|00|00|00|00|00|00|00|00|00|00|00|00|00|00|00|00|00|00|00|00|00|00|00|00|00|00|00|00|00|00|00|00|00|00|00|00|00|00|00|00|00|00|00|00|00|00|00|00|00|00|00|00|00|00|00|00|00|00|00|00|02|00|00|00|01|00|00|00|00|00|00|00|

+---------+---------------+----------+
23:54:23,488,582   ETHER
|0   |d0|ad|08|66|8d|0a|10|18|9e|0a|80|f7|08|00|45|00|00|34|8e|3e|40|00|40|06|65|12|c0|a8|63|14|c0|a8|63|0e|0f|a0|fa|9e|2c|a4|13|2e|1b|10|11|53|50|18|02|45|eb|93|00|00|00|00|04|00|00|00|00|00|00|00|00|00|

+---------+---------------+----------+
23:54:23,540,168   ETHER
|0   |10|18|9e|0a|80|f7|d0|ad|08|66|8d|0a|08|00|45|00|00|28|f5|7e|40|00|2a|06|00|00|c0|a8|63|0e|c0|a8|63|14|fa|9e|0f|a0|1b|10|11|53|2c|a4|13|3a|50|10|1a|68|47|8e|00|00|
