+---------+---------------+----------+
23:55:41,116,728   ETHER
|0   |10|18|9e|0a|80|f7|d0|ad|08|66|8d|0a|08|00|45|00|00|80|f5|b3|40|00|2a|06|00|00|c0|a8|63|0e|c0|a8|63|14|fa|9e|0f|a0|1b|10|24|6c|2c|a4|16|0a|50|18|1d|4c|47|e6|00|00|42|10|00|00|50|00|00|00|76|30|31|00|00|00|00|00|00|00|00|00|00|00|00|00|00|00|00|00|00|00|00|00|00|00|00|00|00|00|00|00|00|00|00|00|00|00|00|00|00|00|00|00|00|00|00|00|00|00|00|00|00|00|00|00|00|00|00|00|00|00|00|00|00|00|00|00|00|00|00|00|00|00|00|00|00|00|00|00|

+---------+---------------+----------+
23:55:41,117,379   ETHER
|0   |d0|ad|08|66|8d|0a|10|18|9e|0a|80|f7|08|00|45|00|00|36|8e|6f|40|00|40|06|64|df|c0|a8|63|14|c0|a8|63|0e|0f|a0|fa|9e|2c|a4|16|0a|1b|10|24|c4|50|18|02|98|d2|f0|00|00|00|00|06|00|00|00|00|00|00|00|00|00|00|01|

+---------+---------------+----------+
23:55:41,118,667   ETHER
|0   |10|18|9e|0a|80|f7|d0|ad|08|66|8d|0a|08|00|45|00|00|38|f5|b4|40|00|2a|06|00|00|c0|a8|63|0e|c0|a8|63|14|fa|9e|0f|a0|1b|10|24|c4|2c|a4|16|18|50|18|1d|3e|47|9e|00|00|51|20|00|00|08|00|00|01|02|00|00|00|01|00|00|00|

+---------+---------------+----------+
23:55:41,119,833   ETHER
|0   |d0|ad|08|66|8d|0a|10|18|9e|0a|80|f7|08|00|45|00|00|b8|8e|70|40|00|40|06|64|5c|c0|a8|63|14|c0|a8|63|0e|0f|a0|fa|9e|2c|a4|16|18|1b|10|24|d4|50|18|02|98|6b|de|00|00|00|00|88|00|00|00|00|00|00|00|00|c0|5e|4c|5e|41|00|00|00|40|92|50|5e|41|00|00|00|00|00|12|a6|40|00|00|00|00|00|80|9f|40|00|00|00|00|00|00|00|00|00|00|00|00|00|00|00|00|00|00|00|00|00|00|00|00|00|00|00|00|00|00|00|00|00|00|00|00|00|00|00|00|00|00|00|00|00|00|00|00|00|00|00|00|00|00|00|00|00|00|00|00|00|00|00|00|00|00|00|00|00|00|00|00|00|00|00|00|00|00|00|00|00|00|00|00|00|00|00|00|00|00|00|00|00|00|00|00|00|00|00|00|00|00|f0|3f|

+---------+---------------+----------+
23:55:41,164,676   ETHER
|0   |10|18|9e|0a|80|f7|d0|ad|08|66|8d|0a|08|00|45|00|00|28|f5|b5|40|00|2a|06|00|00|c0|a8|63|0e|c0|a8|63|14|fa|9e|0f|a0|1b|10|24|d4|2c|a4|16|a8|50|10|1c|ae|47|8e|00|00|
