+---------+---------------+----------+
23:56:58,801,905   ETHER
|0   |01|80|c2|00|00|0e|d0|ad|08|66|8d|0a|88|cc|02|10|07|6c|61|70|74|6f|70|2d|39|75|70|6b|31|38|62|71|04|09|07|70|6f|72|74|2d|30|30|31|06|02|00|14|0a|0f|4c|41|50|54|4f|50|2d|39|55|50|4b|31|38|42|51|0c|45|48|50|20|4f|4d|45|4e|20|62|79|20|48|50|20|47|61|6d|69|6e|67|20|4c|61|70|74|6f|70|20|31|36|2d|78|66|30|78|78|78|2c|54|79|70|65|31|50|72|6f|64|75|63|74|43|6f|6e|66|69|67|49|64|2c|43|4e|44|33|34|39|32|4a|36|50|0e|04|00|80|00|80|10|14|05|01|00|00|00|00|02|00|00|00|01|08|2b|06|01|04|01|81|c0|6e|fe|08|00|0e|cf|02|00|00|00|00|fe|0a|00|0e|cf|05|d0|ad|08|66|8d|0a|fe|09|00|12|0f|01|03|ec|03|00|1e|00|00|

+---------+---------------+----------+
23:57:00,653,707   ETHER
|0   |10|18|9e|0a|80|f7|d0|ad|08|66|8d|0a|08|00|45|00|00|80|f5|c2|40|00|2a|06|00|00|c0|a8|63|0e|c0|a8|63|14|fa|9e|0f|a0|1b|10|26|58|2c|a4|17|10|50|18|1c|46|47|e6|00|00|42|10|00|00|50|00|00|00|76|30|31|00|00|00|00|00|00|00|00|00|00|00|00|00|00|00|00|00|00|00|00|00|00|00|00|00|00|00|00|00|00|00|00|00|00|00|00|00|00|00|00|00|00|00|00|00|00|00|00|00|00|00|00|00|00|00|00|00|00|00|00|00|00|00|00|00|00|00|00|00|00|00|00|00|00|00|00|00|

+---------+---------------+----------+
23:57:00,654,894   ETHER
|0   |d0|ad|08|66|8d|0a|10|18|9e|0a|80|f7|08|00|45|00|00|36|8e|79|40|00|40|06|64|d5|c0|a8|63|14|c0|a8|63|0e|0f|a0|fa|9e|2c|a4|17|10|1b|10|26|b0|50|18|02|98|cf|fe|00|00|00|00|06|00|00|00|00|00|00|00|00|00|00|01|

+---------+---------------+----------+
23:57:00,667,991   ETHER
|0   |10|18|9e|0a|80|f7|d0|ad|08|66|8d|0a|08|00|45|00|01|60|f5|c3|40|00|2a|06|00|00|c0|a8|63|0e|c0|a8|63|14|fa|9e|0f|a0|1b|10|26|b0|2c|a4|17|1e|50|18|1c|38|48|c6|00|00|a4|20|00|00|30|01|00|01|00|00|00|00|00|00|c9|41|00|00|00|00|00|00|c9|41|00|00|00|00|00|00|c9|41|00|00|00|00|00|00|c9|41|00|00|00|00|00|00|00|00|00|00|00|00|00|00|00|00|00|00|00|00|00|00|00|00|00|00|00|00|00|00|00|00|00|00|00|00|00|00|00|00|00|00|00|00|00|00|00|00|00|00|00|00|00|00|00|00|00|00|00|00|00|00|00|00|00|00|00|00|00|00|00|00|00|00|00|00|00|00|00|00|00|00|00|00|00|00|00|00|00|00|00|00|00|00|00|00|00|00|00|00|00|00|94|41|00|00|00|00|00|00|94|41|00|00|00|00|00|00|a4|41|00|00|00|00|00|00|a4|41|00|00|00|00|00|00|00|00|00|00|00|00|00|00|00|00|00|00|00|00|00|00|00|00|00|00|00|00|00|00|00|00|00|00|00|00|00|00|00|00|00|00|00|00|00|00|00|00|00|00|00|00|00|00|00|00|00|00|00|00|00|00|00|00|00|00|00|00|00|00|00|00|00|00|00|00|00|00|00|00|00|00|00|00|00|00|00|00|00|00|00|00|00|00|00|00|00|00|00|00|00|00|00|00|00|00|00|00|00|00|00|00|00|00|00|00|00|00|00|00|00|00|00|00|00|00|00|00|02|00|00|00|00|00|00|00|01|00|00|00|00|01|00|00|

+---------+---------------+----------+
23:57:00,669,241   ETHER
|0   |d0|ad|08|66|8d|0a|10|18|9e|0a|80|f7|08|00|45|00|00|38|8e|7a|40|00|40|06|64|d2|c0|a8|63|14|c0|a8|63|0e|0f|a0|fa|9e|2c|a4|17|1e|1b|10|27|e8|50|18|02|c2|2f|45|00|00|00|00|08|00|00|00|00|00|60|48|3d|00|00|00|00|00|

+---------+---------------+----------+
23:57:00,709,703   ETHER
|0   |10|18|9e|0a|80|f7|d0|ad|08|66|8d|0a|08|00|45|00|00|28|f5|c4|40|00|2a|06|00|00|c0|a8|63|0e|c0|a8|63|14|fa|9e|0f|a0|1b|10|27|e8|2c|a4|17|2e|50|10|1c|28|47|8e|00|00|
