+---------+---------------+----------+
23:50:31,761,545   ETHER
|0   |01|80|c2|00|00|0e|d0|ad|08|66|8d|0a|88|cc|02|10|07|6c|61|70|74|6f|70|2d|39|75|70|6b|31|38|62|71|04|09|07|70|6f|72|74|2d|30|30|31|06|02|00|14|0a|0f|4c|41|50|54|4f|50|2d|39|55|50|4b|31|38|42|51|0c|45|48|50|20|4f|4d|45|4e|20|62|79|20|48|50|20|47|61|6d|69|6e|67|20|4c|61|70|74|6f|70|20|31|36|2d|78|66|30|78|78|78|2c|54|79|70|65|31|50|72|6f|64|75|63|74|43|6f|6e|66|69|67|49|64|2c|43|4e|44|33|34|39|32|4a|36|50|0e|04|00|80|00|80|10|14|05|01|00|00|00|00|02|00|00|00|01|08|2b|06|01|04|01|81|c0|6e|fe|08|00|0e|cf|02|00|00|00|00|fe|0a|00|0e|cf|05|d0|ad|08|66|8d|0a|fe|09|00|12|0f|01|03|ec|03|00|1e|00|00|

+---------+---------------+----------+
23:50:33,115,357   ETHER
|0   |10|18|9e|0a|80|f7|d0|ad|08|66|8d|0a|08|00|45|00|00|80|f5|15|40|00|2a|06|00|00|c0|a8|63|0e|c0|a8|63|14|fa|9e|0f|a0|1b|0f|ef|e2|2c|a4|08|1a|50|18|1f|d4|47|e6|00|00|42|10|00|00|50|00|00|00|76|30|31|00|00|00|00|00|00|00|00|00|00|00|00|00|00|00|00|00|00|00|00|00|00|00|00|00|00|00|00|00|00|00|00|00|00|00|00|00|00|00|00|00|00|00|00|00|00|00|00|00|00|00|00|00|00|00|00|00|00|00|00|00|00|00|00|00|00|00|00|00|00|00|00|00|00|00|00|00|

+---------+---------------+----------+
23:50:33,116,432   ETHER
|0   |d0|ad|08|66|8d|0a|10|18|9e|0a|80|f7|08|00|45|00|00|36|8d|de|40|00|40|06|65|70|c0|a8|63|14|c0|a8|63|0e|0f|a0|fa|9e|2c|a4|08|1a|1b|0f|f0|3a|50|18|01|c9|16|3a|00|00|00|00|06|00|00|00|00|00|00|00|00|00|00|01|

+---------+---------------+----------+
23:50:33,119,115   ETHER
|0   |10|18|9e|0a|80|f7|d0|ad|08|66|8d|0a|08|00|45|00|00|31|f5|16|40|00|2a|06|00|00|c0|a8|63|0e|c0|a8|63|14|fa|9e|0f|a0|1b|0f|f0|3a|2c|a4|08|28|50|18|1f|c6|47|97|00|00|d2|20|00|00|01|00|00|01|01|

+---------+---------------+----------+
23:50:33,120,334   ETHER
|0   |d0|ad|08|66|8d|0a|10|18|9e|0a|80|f7|08|00|45|00|05|76|8d|df|40|00|40|06|60|2f|c0|a8|63|14|c0|a8|63|0e|0f|a0|fa|9e|2c|a4|08|28|1b|0f|f0|43|50|18|01|c9|72|1c|00|00|00|00|46|05|00|00|00|00|00|00|01|00|02|00|03|00|00|00|00|00|00|00|00|00|00|00|00|00|00|00|00|00|00|00|00|00|00|00|00|00|00|00|01|00|02|00|03|00|00|00|00|00|00|00|00|00|00|00|00|00|00|00|00|00|00|00|00|00|00|00|00|00|00|00|00|00|61|30|31|00|00|00|00|00|00|00|00|00|00|00|00|00|00|00|00|00|00|00|00|00|00|00|00|00|00|00|00|00|00|00|00|00|00|00|00|00|00|00|00|00|00|00|00|00|00|00|00|00|00|00|00|00|00|00|00|00|00|00|00|00|00|00|00|00|00|00|00|00|00|00|00|00|00|00|00|00|61|30|32|00|00|00|00|00|00|00|00|00|00|00|00|00|00|00|00|00|00|00|00|00|00|00|00|00|00|00|00|00|00|00|00|00|00|00|00|00|00|00|00|00|00|00|00|00|00|00|00|00|00|00|00|00|00|00|00|00|00|00|00|00|00|00|00|00|00|00|00|00|00|00|00|00|00|00|00|00|61|30|33|00|00|00|00|00|00|00|00|00|00|00|00|00|00|00|00|00|00|00|00|00|00|00|00|00|00|00|00|00|00|00|00|00|00|00|00|00|00|00|00|00|00|00|00|00|00|00|00|00|00|00|00|00|00|00|00|00|00|00|00|00|00|00|00|00|00|00|00|00|00|00|00|00|00|00|00|00|61|30|34|00|00|00|00|00|00|00|00|00|00|00|00|00|00|00|00|00|00|00|00|00|00|00|00|00|00|00|00|00|00|00|00|00|00|00|00|00|00|00|00|00|00|00|00|00|00|00|00|00|00|00|00|00|00|00|00|00|00|00|00|00|00|00|00|00|00|00|00|00|00|00|00|00|00|00|00|00|00|00|00|00|00|00|00|00|00|00|00|00|00|00|00|00|00|00|00|00|00|00|00|00|00|00|00|00|00|00|00|00|00|00|00|00|00|00|00|00|00|00|00|00|00|00|00|00|00|00|00|00|00|00|00|00|00|00|00|00|00|00|00|00|00|00|00|00|00|00|00|00|00|00|00|00|00|00|00|00|00|00|00|00|00|00|00|00|00|00|00|00|00|00|00|00|00|00|00|00|00|00|00|00|00|00|00|00|00|00|00|00|00|00|00|00|00|00|00|00|00|00|00|00|00|00|00|00|00|00|00|00|00|00|00|00|00|00|00|00|00|00|00|00|00|00|00|00|00|00|00|00|00|00|00|00|00|00|00|00|00|00|00|00|00|00|00|00|00|00|00|00|00|00|00|00|00|00|00|00|00|00|00|00|00|00|00|00|00|00|00|00|00|00|00|00|00|00|00|00|00|00|00|00|00|00|00|00|00|00|00|00|00|00|00|00|00|00|00|00|00|00|00|00|00|00|00|00|00|00|00|00|00|00|00|00|00|00|00|00|00|00|00|00|00|00|00|00|00|00|00|00|00|00|00|00|00|00|00|00|00|00|00|00|00|00|00|00|00|00|00|00|00|00|00|00|00|00|00|00|00|00|00|00|00|00|00|00|00|00|00|00|00|00|00|00|00|00|00|00|00|00|00|00|00|00|00|00|00|00|00|00|00|00|00|00|00|00|00|00|00|00|00|00|00|00|00|00|00|00|00|00|00|00|00|00|00|00|00|00|00|00|00|00|00|00|00|00|00|00|00|00|00|00|00|00|00|00|00|00|00|00|00|00|00|00|00|00|00|00|00|00|00|00|00|00|00|00|00|00|00|00|00|00|00|00|00|00|00|00|00|00|00|00|00|00|00|00|00|00|00|00|00|00|00|00|00|00|00|00|00|00|00|00|00|00|00|00|00|00|00|00|00|00|00|00|00|00|00|00|00|00|00|00|00|00|00|00|00|00|00|00|00|00|00|00|00|00|00|00|00|00|00|00|00|00|00|00|00|00|00|00|00|00|00|00|00|00|00|00|00|00|00|00|00|00|00|00|00|00|00|00|00|00|00|00|00|00|00|00|00|00|00|00|00|00|00|00|00|00|00|00|00|00|00|00|00|00|00|00|00|00|00|00|00|00|00|00|00|00|00|00|00|00|00|00|00|00|00|00|00|00|00|00|00|00|00|00|00|00|00|00|00|00|00|00|00|00|00|00|00|00|00|00|00|00|00|00|00|00|00|00|00|00|00|00|00|00|00|00|00|00|00|00|00|00|00|00|00|00|00|00|00|00|00|00|00|00|00|00|00|00|00|00|00|00|00|00|00|00|00|00|00|00|00|00|00|00|00|00|00|00|00|00|00|00|00|00|00|00|00|00|00|00|00|00|00|00|00|00|00|00|00|00|00|00|00|00|00|00|00|00|00|00|00|00|00|00|00|00|00|00|00|00|00|00|00|00|00|00|00|00|00|00|00|00|00|00|00|00|00|00|00|00|00|00|00|00|00|00|00|00|00|00|00|00|00|00|00|00|00|00|00|00|00|00|00|00|00|00|00|00|00|00|00|00|00|00|00|00|00|00|00|00|00|00|00|00|00|00|00|00|00|00|00|00|00|00|00|00|00|00|00|00|00|00|00|00|00|00|00|00|00|00|00|00|00|00|00|00|00|00|00|00|00|00|00|00|00|00|00|00|00|00|00|00|00|00|00|00|00|00|00|00|00|00|00|00|00|00|00|00|00|00|00|00|00|00|00|00|00|00|00|00|00|00|00|00|00|00|00|00|00|00|00|00|00|00|00|00|00|00|00|00|00|00|00|00|00|00|00|00|00|00|00|00|00|00|00|00|00|00|00|00|00|00|00|00|00|00|00|00|00|00|00|00|00|00|00|00|00|00|00|00|00|00|00|00|00|00|00|00|00|00|00|00|00|00|00|00|00|00|00|00|00|00|00|00|00|00|00|00|00|00|00|00|00|00|00|00|00|00|00|00|00|00|00|00|00|00|00|00|00|00|00|00|00|00|00|00|00|00|00|00|00|00|00|00|00|00|00|00|00|00|00|00|00|00|00|00|00|00|00|00|00|00|00|00|00|00|00|00|00|00|00|00|00|00|00|00|00|00|00|00|00|00|00|00|00|00|04|00|

+---------+---------------+----------+
23:50:33,174,489   ETHER
|0   |10|18|9e|0a|80|f7|d0|ad|08|66|8d|0a|08|00|45|00|00|28|f5|17|40|00|2a|06|00|00|c0|a8|63|0e|c0|a8|63|14|fa|9e|0f|a0|1b|0f|f0|43|2c|a4|0d|76|50|10|1a|78|47|8e|00|00|
