+---------+---------------+----------+
23:55:05,917,202   ETHER
|0   |01|80|c2|00|00|0e|d0|ad|08|66|8d|0a|88|cc|02|10|07|6c|61|70|74|6f|70|2d|39|75|70|6b|31|38|62|71|04|09|07|70|6f|72|74|2d|30|30|31|06|02|00|14|0a|0f|4c|41|50|54|4f|50|2d|39|55|50|4b|31|38|42|51|0c|45|48|50|20|4f|4d|45|4e|20|62|79|20|48|50|20|47|61|6d|69|6e|67|20|4c|61|70|74|6f|70|20|31|36|2d|78|66|30|78|78|78|2c|54|79|70|65|31|50|72|6f|64|75|63|74|43|6f|6e|66|69|67|49|64|2c|43|4e|44|33|34|39|32|4a|36|50|0e|04|00|80|00|80|10|14|05|01|00|00|00|00|02|00|00|00|01|08|2b|06|01|04|01|81|c0|6e|fe|08|00|0e|cf|02|00|00|00|00|fe|0a|00|0e|cf|05|d0|ad|08|66|8d|0a|fe|09|00|12|0f|01|03|ec|03|00|1e|00|00|

+---------+---------------+----------+
23:55:06,894,412   ETHER
|0   |10|18|9e|0a|80|f7|d0|ad|08|66|8d|0a|08|00|45|00|00|80|f5|98|40|00|2a|06|00|00|c0|a8|63|0e|c0|a8|63|14|fa|9e|0f|a0|1b|10|1a|d3|2c|a4|14|92|50|18|1e|c4|47|e6|00|00|42|10|00|00|50|00|00|00|76|30|31|00|00|00|00|00|00|00|00|00|00|00|00|00|00|00|00|00|00|00|00|00|00|00|00|00|00|00|00|00|00|00|00|00|00|00|00|00|00|00|00|00|00|00|00|00|00|00|00|00|00|00|00|00|00|00|00|00|00|00|00|00|00|00|00|00|00|00|00|00|00|00|00|00|00|00|00|00|

+---------+---------------+----------+
23:55:06,895,580   ETHER
|0   |d0|ad|08|66|8d|0a|10|18|9e|0a|80|f7|08|00|45|00|00|36|8e|56|40|00|40|06|64|f8|c0|a8|63|14|c0|a8|63|0e|0f|a0|fa|9e|2c|a4|14|92|1b|10|1b|2b|50|18|02|6f|de|2a|00|00|00|00|06|00|00|00|00|00|00|00|00|00|00|01|

+---------+---------------+----------+
23:55:06,896,243   ETHER
|0   |10|18|9e|0a|80|f7|d0|ad|08|66|8d|0a|08|00|45|00|00|80|f5|99|40|00|2a|06|00|00|c0|a8|63|0e|c0|a8|63|14|fa|9e|0f|a0|1b|10|1b|2b|2c|a4|14|a0|50|18|1e|b6|47|e6|00|00|3c|10|00|00|50|00|00|00|61|30|31|00|00|00|00|00|00|00|00|00|00|00|00|00|00|00|00|00|00|00|00|00|00|00|00|00|00|00|00|00|00|00|00|00|00|00|00|00|00|00|00|00|00|00|00|00|00|00|00|00|00|00|00|00|00|00|00|00|00|00|00|00|00|00|00|00|00|00|00|00|00|00|00|00|00|00|00|00|

+---------+---------------+----------+
23:55:06,897,444   ETHER
|0   |d0|ad|08|66|8d|0a|10|18|9e|0a|80|f7|08|00|45|00|00|36|8e|57|40|00|40|06|64|f7|c0|a8|63|14|c0|a8|63|0e|0f|a0|fa|9e|2c|a4|14|a0|1b|10|1b|83|50|18|02|6f|dd|c5|00|00|00|00|06|00|00|00|00|00|00|00|00|00|00|00|

+---------+---------------+----------+
23:55:06,897,512   ETHER
|0   |10|18|9e|0a|80|f7|d0|ad|08|66|8d|0a|08|00|45|00|00|3c|f5|9a|40|00|2a|06|00|00|c0|a8|63|0e|c0|a8|63|14|fa|9e|0f|a0|1b|10|1b|83|2c|a4|14|ae|50|18|1e|a8|47|a2|00|00|2b|20|00|00|0c|00|00|00|05|00|00|00|00|00|00|00|01|00|00|00|

+---------+---------------+----------+
23:55:06,898,624   ETHER
|0   |d0|ad|08|66|8d|0a|10|18|9e|0a|80|f7|08|00|45|00|00|38|8e|58|40|00|40|06|64|f4|c0|a8|63|14|c0|a8|63|0e|0f|a0|fa|9e|2c|a4|14|ae|1b|10|1b|97|50|18|02|6f|db|a1|00|00|00|00|08|00|00|00|00|00|00|00|00|00|00|00|00|00|

+---------+---------------+----------+
23:55:06,898,699   ETHER
|0   |10|18|9e|0a|80|f7|d0|ad|08|66|8d|0a|08|00|45|00|00|80|f5|9b|40|00|2a|06|00|00|c0|a8|63|0e|c0|a8|63|14|fa|9e|0f|a0|1b|10|1b|97|2c|a4|14|be|50|18|1e|98|47|e6|00|00|3c|10|00|00|50|00|00|00|61|30|32|00|00|00|00|00|00|00|00|00|00|00|00|00|00|00|00|00|00|00|00|00|00|00|00|00|00|00|00|00|00|00|00|00|00|00|00|00|00|00|00|00|00|00|00|00|00|00|00|00|00|00|00|00|00|00|00|00|00|00|00|00|00|00|00|00|00|00|00|00|00|00|00|00|00|00|00|00|

+---------+---------------+----------+
23:55:06,899,843   ETHER
|0   |d0|ad|08|66|8d|0a|10|18|9e|0a|80|f7|08|00|45|00|00|36|8e|59|40|00|40|06|64|f5|c0|a8|63|14|c0|a8|63|0e|0f|a0|fa|9e|2c|a4|14|be|1b|10|1b|ef|50|18|02|6f|dc|3b|00|00|00|00|06|00|00|00|00|00|00|00|00|00|01|00|

+---------+---------------+----------+
23:55:06,899,892   ETHER
|0   |10|18|9e|0a|80|f7|d0|ad|08|66|8d|0a|08|00|45|00|00|3c|f5|9c|40|00|2a|06|00|00|c0|a8|63|0e|c0|a8|63|14|fa|9e|0f|a0|1b|10|1b|ef|2c|a4|14|cc|50|18|1e|8a|47|a2|00|00|2b|20|00|00|0c|00|01|00|05|00|00|00|00|00|00|00|01|00|00|00|

+---------+---------------+----------+
23:55:06,901,053   ETHER
|0   |d0|ad|08|66|8d|0a|10|18|9e|0a|80|f7|08|00|45|00|00|38|8e|5a|40|00|40|06|64|f2|c0|a8|63|14|c0|a8|63|0e|0f|a0|fa|9e|2c|a4|14|cc|1b|10|1c|03|50|18|02|6f|da|17|00|00|00|00|08|00|00|00|00|00|01|00|00|00|00|00|00|00|

+---------+---------------+----------+
23:55:06,901,103   ETHER
|0   |10|18|9e|0a|80|f7|d0|ad|08|66|8d|0a|08|00|45|00|00|80|f5|9d|40|00|2a|06|00|00|c0|a8|63|0e|c0|a8|63|14|fa|9e|0f|a0|1b|10|1c|03|2c|a4|14|dc|50|18|1e|7a|47|e6|00|00|3c|10|00|00|50|00|00|00|61|30|33|00|00|00|00|00|00|00|00|00|00|00|00|00|00|00|00|00|00|00|00|00|00|00|00|00|00|00|00|00|00|00|00|00|00|00|00|00|00|00|00|00|00|00|00|00|00|00|00|00|00|00|00|00|00|00|00|00|00|00|00|00|00|00|00|00|00|00|00|00|00|00|00|00|00|00|00|00|

+---------+---------------+----------+
23:55:06,902,101   ETHER
|0   |d0|ad|08|66|8d|0a|10|18|9e|0a|80|f7|08|00|45|00|00|36|8e|5b|40|00|40|06|64|f3|c0|a8|63|14|c0|a8|63|0e|0f|a0|fa|9e|2c|a4|14|dc|1b|10|1c|5b|50|18|02|6f|da|b1|00|00|00|00|06|00|00|00|00|00|00|00|00|00|02|00|

+---------+---------------+----------+
23:55:06,902,133   ETHER
|0   |10|18|9e|0a|80|f7|d0|ad|08|66|8d|0a|08|00|45|00|00|3c|f5|9e|40|00|2a|06|00|00|c0|a8|63|0e|c0|a8|63|14|fa|9e|0f|a0|1b|10|1c|5b|2c|a4|14|ea|50|18|1e|6c|47|a2|00|00|2b|20|00|00|0c|00|02|00|05|00|00|00|00|00|00|00|01|00|00|00|

+---------+---------------+----------+
23:55:06,902,748   ETHER
|0   |d0|ad|08|66|8d|0a|10|18|9e|0a|80|f7|08|00|45|00|00|38|8e|5c|40|00|40|06|64|f0|c0|a8|63|14|c0|a8|63|0e|0f|a0|fa|9e|2c|a4|14|ea|1b|10|1c|6f|50|18|02|6f|d8|8d|00|00|00|00|08|00|00|00|00|00|02|00|00|00|00|00|00|00|

+---------+---------------+----------+
23:55:06,902,787   ETHER
|0   |10|18|9e|0a|80|f7|d0|ad|08|66|8d|0a|08|00|45|00|00|80|f5|9f|40|00|2a|06|00|00|c0|a8|63|0e|c0|a8|63|14|fa|9e|0f|a0|1b|10|1c|6f|2c|a4|14|fa|50|18|1e|5c|47|e6|00|00|3c|10|00|00|50|00|00|00|61|30|34|00|00|00|00|00|00|00|00|00|00|00|00|00|00|00|00|00|00|00|00|00|00|00|00|00|00|00|00|00|00|00|00|00|00|00|00|00|00|00|00|00|00|00|00|00|00|00|00|00|00|00|00|00|00|00|00|00|00|00|00|00|00|00|00|00|00|00|00|00|00|00|00|00|00|00|00|00|

+---------+---------------+----------+
23:55:06,903,828   ETHER
|0   |d0|ad|08|66|8d|0a|10|18|9e|0a|80|f7|08|00|45|00|00|36|8e|5d|40|00|40|06|64|f1|c0|a8|63|14|c0|a8|63|0e|0f|a0|fa|9e|2c|a4|14|fa|1b|10|1c|c7|50|18|02|6f|d9|27|00|00|00|00|06|00|00|00|00|00|00|00|00|00|03|00|

+---------+---------------+----------+
23:55:06,903,858   ETHER
|0   |10|18|9e|0a|80|f7|d0|ad|08|66|8d|0a|08|00|45|00|00|3c|f5|a0|40|00|2a|06|00|00|c0|a8|63|0e|c0|a8|63|14|fa|9e|0f|a0|1b|10|1c|c7|2c|a4|15|08|50|18|1e|4e|47|a2|00|00|2b|20|00|00|0c|00|03|00|05|00|00|00|00|00|00|00|01|00|00|00|

+---------+---------------+----------+
23:55:06,904,487   ETHER
|0   |d0|ad|08|66|8d|0a|10|18|9e|0a|80|f7|08|00|45|00|00|38|8e|5e|40|00|40|06|64|ee|c0|a8|63|14|c0|a8|63|0e|0f|a0|fa|9e|2c|a4|15|08|1b|10|1c|db|50|18|02|6f|d7|03|00|00|00|00|08|00|00|00|00|00|03|00|00|00|00|00|00|00|

+---------+---------------+----------+
23:55:06,904,515   ETHER
|0   |10|18|9e|0a|80|f7|d0|ad|08|66|8d|0a|08|00|45|00|00|38|f5|a1|40|00|2a|06|00|00|c0|a8|63|0e|c0|a8|63|14|fa|9e|0f|a0|1b|10|1c|db|2c|a4|15|18|50|18|1e|3e|47|9e|00|00|23|20|00|00|08|00|00|00|01|00|00|00|01|01|00|01|

+---------+---------------+----------+
23:55:06,905,551   ETHER
|0   |d0|ad|08|66|8d|0a|10|18|9e|0a|80|f7|08|00|45|00|00|38|8e|5f|40|00|40|06|64|ed|c0|a8|63|14|c0|a8|63|0e|0f|a0|fa|9e|2c|a4|15|18|1b|10|1c|eb|50|18|02|6f|08|dc|00|00|00|00|08|00|00|00|00|00|00|00|00|00|00|00|d1|07|

+---------+---------------+----------+
23:55:06,907,877   ETHER
|0   |10|18|9e|0a|80|f7|d0|ad|08|66|8d|0a|08|00|45|00|00|38|f5|a2|40|00|2a|06|00|00|c0|a8|63|0e|c0|a8|63|14|fa|9e|0f|a0|1b|10|1c|eb|2c|a4|15|28|50|18|1e|2e|47|9e|00|00|23|20|00|00|08|00|01|00|01|00|00|00|01|01|00|01|

+---------+---------------+----------+
23:55:06,909,078   ETHER
|0   |d0|ad|08|66|8d|0a|10|18|9e|0a|80|f7|08|00|45|00|00|38|8e|60|40|00|40|06|64|ec|c0|a8|63|14|c0|a8|63|0e|0f|a0|fa|9e|2c|a4|15|28|1b|10|1c|fb|50|18|02|6f|08|bc|00|00|00|00|08|00|00|00|00|00|00|00|00|00|00|00|d1|07|

+---------+---------------+----------+
23:55:06,909,809   ETHER
|0   |10|18|9e|0a|80|f7|d0|ad|08|66|8d|0a|08|00|45|00|00|38|f5|a3|40|00|2a|06|00|00|c0|a8|63|0e|c0|a8|63|14|fa|9e|0f|a0|1b|10|1c|fb|2c|a4|15|38|50|18|1e|1e|47|9e|00|00|23|20|00|00|08|00|02|00|01|00|00|00|01|01|00|01|

+---------+---------------+----------+
23:55:06,911,000   ETHER
|0   |d0|ad|08|66|8d|0a|10|18|9e|0a|80|f7|08|00|45|00|00|38|8e|61|40|00|40|06|64|eb|c0|a8|63|14|c0|a8|63|0e|0f|a0|fa|9e|2c|a4|15|38|1b|10|1d|0b|50|18|02|6f|08|9c|00|00|00|00|08|00|00|00|00|00|00|00|00|00|00|00|d1|07|

+---------+---------------+----------+
23:55:06,911,690   ETHER
|0   |10|18|9e|0a|80|f7|d0|ad|08|66|8d|0a|08|00|45|00|00|38|f5|a4|40|00|2a|06|00|00|c0|a8|63|0e|c0|a8|63|14|fa|9e|0f|a0|1b|10|1d|0b|2c|a4|15|48|50|18|1e|0e|47|9e|00|00|23|20|00|00|08|00|03|00|01|00|00|00|01|01|00|01|

+---------+---------------+----------+
23:55:06,912,893   ETHER
|0   |d0|ad|08|66|8d|0a|10|18|9e|0a|80|f7|08|00|45|00|00|38|8e|62|40|00|40|06|64|ea|c0|a8|63|14|c0|a8|63|0e|0f|a0|fa|9e|2c|a4|15|48|1b|10|1d|1b|50|18|02|6f|08|7c|00|00|00|00|08|00|00|00|00|00|00|00|00|00|00|00|d1|07|

+---------+---------------+----------+
23:55:06,913,568   ETHER
|0   |10|18|9e|0a|80|f7|d0|ad|08|66|8d|0a|08|00|45|00|00|80|f5|a5|40|00|2a|06|00|00|c0|a8|63|0e|c0|a8|63|14|fa|9e|0f|a0|1b|10|1d|1b|2c|a4|15|58|50|18|1d|fe|47|e6|00|00|3c|10|00|00|50|00|00|00|61|30|31|00|00|00|00|00|00|00|00|00|00|00|00|00|00|00|00|00|00|00|00|00|00|00|00|00|00|00|00|00|00|00|00|00|00|00|00|00|00|00|00|00|00|00|00|00|00|00|00|00|00|00|00|00|00|00|00|00|00|00|00|00|00|00|00|00|00|00|00|00|00|00|00|00|00|00|00|00|

+---------+---------------+----------+
23:55:06,914,728   ETHER
|0   |d0|ad|08|66|8d|0a|10|18|9e|0a|80|f7|08|00|45|00|00|36|8e|63|40|00|40|06|64|eb|c0|a8|63|14|c0|a8|63|0e|0f|a0|fa|9e|2c|a4|15|58|1b|10|1d|73|50|18|02|6f|db|1d|00|00|00|00|06|00|00|00|00|00|00|00|00|00|00|00|

+---------+---------------+----------+
23:55:06,914,757   ETHER
|0   |10|18|9e|0a|80|f7|d0|ad|08|66|8d|0a|08|00|45|00|00|3c|f5|a6|40|00|2a|06|00|00|c0|a8|63|0e|c0|a8|63|14|fa|9e|0f|a0|1b|10|1d|73|2c|a4|15|66|50|18|1d|f0|47|a2|00|00|2b|20|00|00|0c|00|00|00|05|00|00|00|00|00|00|00|01|00|00|00|

+---------+---------------+----------+
23:55:06,915,370   ETHER
|0   |d0|ad|08|66|8d|0a|10|18|9e|0a|80|f7|08|00|45|00|00|38|8e|64|40|00|40|06|64|e8|c0|a8|63|14|c0|a8|63|0e|0f|a0|fa|9e|2c|a4|15|66|1b|10|1d|87|50|18|02|6f|d8|f9|00|00|00|00|08|00|00|00|00|00|00|00|00|00|00|00|00|00|

+---------+---------------+----------+
23:55:06,915,390   ETHER
|0   |10|18|9e|0a|80|f7|d0|ad|08|66|8d|0a|08|00|45|00|00|80|f5|a7|40|00|2a|06|00|00|c0|a8|63|0e|c0|a8|63|14|fa|9e|0f|a0|1b|10|1d|87|2c|a4|15|76|50|18|1d|e0|47|e6|00|00|3c|10|00|00|50|00|00|00|61|30|32|00|00|00|00|00|00|00|00|00|00|00|00|00|00|00|00|00|00|00|00|00|00|00|00|00|00|00|00|00|00|00|00|00|00|00|00|00|00|00|00|00|00|00|00|00|00|00|00|00|00|00|00|00|00|00|00|00|00|00|00|00|00|00|00|00|00|00|00|00|00|00|00|00|00|00|00|00|

+---------+---------------+----------+
23:55:06,916,002   ETHER
|0   |d0|ad|08|66|8d|0a|10|18|9e|0a|80|f7|08|00|45|00|00|36|8e|65|40|00|40|06|64|e9|c0|a8|63|14|c0|a8|63|0e|0f|a0|fa|9e|2c|a4|15|76|1b|10|1d|df|50|18|02|6f|d9|93|00|00|00|00|06|00|00|00|00|00|00|00|00|00|01|00|

+---------+---------------+----------+
23:55:06,916,027   ETHER
|0   |10|18|9e|0a|80|f7|d0|ad|08|66|8d|0a|08|00|45|00|00|3c|f5|a8|40|00|2a|06|00|00|c0|a8|63|0e|c0|a8|63|14|fa|9e|0f|a0|1b|10|1d|df|2c|a4|15|84|50|18|1d|d2|47|a2|00|00|2b|20|00|00|0c|00|01|00|05|00|00|00|00|00|00|00|01|00|00|00|

+---------+---------------+----------+
23:55:06,916,672   ETHER
|0   |d0|ad|08|66|8d|0a|10|18|9e|0a|80|f7|08|00|45|00|00|38|8e|66|40|00|40|06|64|e6|c0|a8|63|14|c0|a8|63|0e|0f|a0|fa|9e|2c|a4|15|84|1b|10|1d|f3|50|18|02|6f|d7|6f|00|00|00|00|08|00|00|00|00|00|01|00|00|00|00|00|00|00|

+---------+---------------+----------+
23:55:06,916,698   ETHER
|0   |10|18|9e|0a|80|f7|d0|ad|08|66|8d|0a|08|00|45|00|00|80|f5|a9|40|00|2a|06|00|00|c0|a8|63|0e|c0|a8|63|14|fa|9e|0f|a0|1b|10|1d|f3|2c|a4|15|94|50|18|1d|c2|47|e6|00|00|3c|10|00|00|50|00|00|00|61|30|33|00|00|00|00|00|00|00|00|00|00|00|00|00|00|00|00|00|00|00|00|00|00|00|00|00|00|00|00|00|00|00|00|00|00|00|00|00|00|00|00|00|00|00|00|00|00|00|00|00|00|00|00|00|00|00|00|00|00|00|00|00|00|00|00|00|00|00|00|00|00|00|00|00|00|00|00|00|

+---------+---------------+----------+
23:55:06,916,801   ETHER
|0   |d0|ad|08|66|8d|0a|10|18|9e|0a|80|f7|08|00|45|00|00|36|8e|67|40|00|40|06|64|e7|c0|a8|63|14|c0|a8|63|0e|0f|a0|fa|9e|2c|a4|15|94|1b|10|1e|4b|50|18|02|6f|d8|09|00|00|00|00|06|00|00|00|00|00|00|00|00|00|02|00|

+---------+---------------+----------+
23:55:06,916,819   ETHER
|0   |10|18|9e|0a|80|f7|d0|ad|08|66|8d|0a|08|00|45|00|00|3c|f5|aa|40|00|2a|06|00|00|c0|a8|63|0e|c0|a8|63|14|fa|9e|0f|a0|1b|10|1e|4b|2c|a4|15|a2|50|18|1d|b4|47|a2|00|00|2b|20|00|00|0c|00|02|00|05|00|00|00|00|00|00|00|01|00|00|00|

+---------+---------------+----------+
23:55:06,917,430   ETHER
|0   |d0|ad|08|66|8d|0a|10|18|9e|0a|80|f7|08|00|45|00|00|38|8e|68|40|00|40|06|64|e4|c0|a8|63|14|c0|a8|63|0e|0f|a0|fa|9e|2c|a4|15|a2|1b|10|1e|5f|50|18|02|6f|d5|e5|00|00|00|00|08|00|00|00|00|00|02|00|00|00|00|00|00|00|

+---------+---------------+----------+
23:55:06,917,453   ETHER
|0   |10|18|9e|0a|80|f7|d0|ad|08|66|8d|0a|08|00|45|00|00|80|f5|ab|40|00|2a|06|00|00|c0|a8|63|0e|c0|a8|63|14|fa|9e|0f|a0|1b|10|1e|5f|2c|a4|15|b2|50|18|1d|a4|47|e6|00|00|3c|10|00|00|50|00|00|00|61|30|34|00|00|00|00|00|00|00|00|00|00|00|00|00|00|00|00|00|00|00|00|00|00|00|00|00|00|00|00|00|00|00|00|00|00|00|00|00|00|00|00|00|00|00|00|00|00|00|00|00|00|00|00|00|00|00|00|00|00|00|00|00|00|00|00|00|00|00|00|00|00|00|00|00|00|00|00|00|

+---------+---------------+----------+
23:55:06,918,068   ETHER
|0   |d0|ad|08|66|8d|0a|10|18|9e|0a|80|f7|08|00|45|00|00|36|8e|69|40|00|40|06|64|e5|c0|a8|63|14|c0|a8|63|0e|0f|a0|fa|9e|2c|a4|15|b2|1b|10|1e|b7|50|18|02|6f|d6|7f|00|00|00|00|06|00|00|00|00|00|00|00|00|00|03|00|

+---------+---------------+----------+
23:55:06,918,092   ETHER
|0   |10|18|9e|0a|80|f7|d0|ad|08|66|8d|0a|08|00|45|00|00|3c|f5|ac|40|00|2a|06|00|00|c0|a8|63|0e|c0|a8|63|14|fa|9e|0f|a0|1b|10|1e|b7|2c|a4|15|c0|50|18|1d|96|47|a2|00|00|2b|20|00|00|0c|00|03|00|05|00|00|00|00|00|00|00|01|00|00|00|

+---------+---------------+----------+
23:55:06,919,119   ETHER
|0   |d0|ad|08|66|8d|0a|10|18|9e|0a|80|f7|08|00|45|00|00|38|8e|6a|40|00|40|06|64|e2|c0|a8|63|14|c0|a8|63|0e|0f|a0|fa|9e|2c|a4|15|c0|1b|10|1e|cb|50|18|02|6f|d4|5b|00|00|00|00|08|00|00|00|00|00|03|00|00|00|00|00|00|00|

+---------+---------------+----------+
23:55:06,919,147   ETHER
|0   |10|18|9e|0a|80|f7|d0|ad|08|66|8d|0a|08|00|45|00|05|58|f5|ad|40|00|2a|06|00|00|c0|a8|63|0e|c0|a8|63|14|fa|9e|0f|a0|1b|10|1e|cb|2c|a4|15|d0|50|18|1d|86|4c|be|00|00|e7|20|00|00|28|05|00|01|00|00|00|00|00|00|f0|3f|00|00|00|00|00|00|f0|3f|00|00|00|00|00|00|00|00|01|00|00|00|00|00|00|00|00|00|00|00|00|00|00|00|00|00|00|00|00|00|f0|3f|00|00|00|00|00|00|f0|3f|00|00|00|00|00|00|00|00|01|00|00|00|01|00|00|00|01|00|00|00|00|00|00|00|00|00|00|00|00|00|f0|3f|00|00|00|00|00|00|f0|3f|00|00|00|00|00|00|00|00|01|00|00|00|02|00|00|00|02|00|00|00|00|00|00|00|00|00|00|00|00|00|f0|3f|00|00|00|00|00|00|f0|3f|00|00|00|00|00|00|00|00|01|00|00|00|03|00|00|00|03|00|00|00|00|00|00|00|00|00|00|00|00|00|00|00|00|00|00|00|00|00|00|00|00|00|00|00|00|00|00|00|00|00|00|00|00|00|00|00|00|00|00|00|00|00|00|00|00|00|00|00|00|00|00|00|00|00|00|00|00|00|00|00|00|00|00|00|00|00|00|00|00|00|00|00|00|00|00|00|00|00|00|00|00|00|00|00|00|00|00|00|00|00|00|00|00|00|00|00|00|00|00|00|00|00|00|00|00|00|00|00|00|00|00|00|00|00|00|00|00|00|00|00|00|00|00|00|00|00|00|00|00|00|00|00|00|00|00|00|00|00|00|00|00|00|00|00|00|00|00|00|00|00|00|00|00|00|00|00|00|00|00|00|00|00|00|00|00|00|00|00|00|00|00|00|00|00|00|00|00|00|00|00|00|00|00|00|00|00|00|00|00|00|00|00|00|00|00|00|00|00|00|00|00|00|00|00|00|00|00|00|00|00|00|00|00|00|00|00|00|00|00|00|00|00|00|00|00|00|00|00|00|00|00|00|00|00|00|00|00|00|00|00|00|00|00|00|00|00|00|00|00|00|00|00|00|00|00|00|00|00|00|00|00|00|00|00|00|00|00|00|00|00|00|00|00|00|00|00|00|00|00|00|00|00|00|00|00|00|00|00|00|00|00|00|00|00|00|00|00|00|00|00|00|00|00|00|00|00|00|00|00|00|00|00|00|00|00|00|00|00|00|00|00|00|00|00|00|00|00|00|00|00|00|00|00|00|00|00|00|00|00|00|00|00|00|00|00|00|00|00|00|00|00|00|00|00|00|00|00|00|00|00|00|00|00|00|00|00|00|00|00|00|00|00|00|00|00|00|00|00|00|00|00|00|00|00|00|00|00|00|00|00|00|00|00|00|00|00|00|00|00|00|00|00|00|00|00|00|00|00|00|00|00|00|00|00|00|00|00|00|00|00|00|00|00|00|00|00|00|00|00|00|00|00|00|00|00|00|00|00|00|00|00|00|00|00|00|00|00|00|00|00|00|00|00|00|00|00|00|00|00|00|00|00|00|00|00|00|00|00|00|00|00|00|00|00|00|00|00|00|00|00|00|00|00|00|04|00|00|00|00|00|00|00|00|00|00|00|00|00|00|00|00|00|00|00|00|00|00|00|00|00|00|00|00|00|00|00|00|00|00|00|00|00|00|00|00|00|00|00|00|00|00|00|00|00|00|00|00|00|00|00|00|00|00|00|00|00|00|00|00|00|00|00|00|00|00|00|00|00|00|00|00|00|00|00|00|00|00|00|00|00|00|00|00|00|00|00|00|00|00|00|00|00|00|00|00|00|00|00|00|00|00|00|00|00|00|00|00|00|00|00|00|00|00|00|00|00|00|00|00|00|00|00|00|00|00|00|00|00|00|00|00|00|00|00|00|00|00|00|00|00|00|00|00|00|00|00|00|00|00|00|00|00|00|00|00|00|00|00|00|00|00|00|00|00|00|00|00|00|00|00|00|00|00|00|00|00|00|00|00|00|00|00|00|00|00|00|00|00|00|00|00|00|00|00|00|00|00|00|00|00|00|00|00|00|00|00|00|00|00|00|00|00|00|00|00|00|00|00|00|00|00|00|00|00|00|00|00|00|00|00|00|00|00|00|00|00|00|00|00|00|00|00|00|00|00|00|00|00|00|00|00|00|00|00|00|00|00|00|00|00|00|00|00|00|00|00|00|00|00|00|00|00|00|00|00|00|00|00|00|00|00|00|00|00|00|00|00|00|00|00|00|00|00|00|00|00|00|00|00|00|00|00|00|00|00|00|00|00|00|00|00|00|00|00|00|00|00|00|00|00|00|00|00|00|00|00|00|00|00|00|00|00|00|00|00|00|00|00|00|00|00|00|00|00|00|00|00|00|00|00|00|00|00|00|00|00|00|00|00|00|00|00|00|00|00|00|00|00|00|00|00|00|00|00|00|00|00|00|00|00|00|00|00|00|00|00|00|00|00|00|00|00|00|00|00|00|00|00|00|00|00|00|00|00|00|00|00|00|00|00|00|00|00|00|00|00|00|00|00|00|00|00|00|00|00|00|00|00|00|00|00|00|00|00|00|00|00|00|00|00|00|00|00|00|00|00|00|00|00|00|00|00|00|00|00|00|00|00|00|00|00|00|00|00|00|00|00|00|00|00|00|00|00|00|00|00|00|00|00|00|00|00|00|00|00|00|00|00|00|00|00|00|00|00|00|00|00|00|00|00|00|00|00|00|00|00|00|00|00|00|00|00|00|00|00|00|00|00|00|00|00|00|00|00|00|00|00|00|00|00|00|00|00|00|00|00|00|00|00|00|00|00|00|00|00|00|00|00|00|00|00|00|00|00|00|00|00|00|00|00|00|00|00|00|00|00|00|00|00|00|00|00|00|00|00|00|00|00|00|00|00|00|00|00|00|00|00|00|00|00|00|00|00|00|00|00|00|00|00|00|00|00|00|00|00|00|00|00|00|00|00|00|00|00|00|00|00|00|00|00|00|00|00|00|00|00|00|00|00|00|00|00|00|00|00|00|00|00|00|00|00|00|00|00|00|00|00|00|00|00|00|00|00|00|00|00|00|00|00|00|00|00|02|00|00|00|01|00|00|00|00|00|00|00|

+---------+---------------+----------+
23:55:06,920,281   ETHER
|0   |d0|ad|08|66|8d|0a|10|18|9e|0a|80|f7|08|00|45|00|00|34|8e|6b|40|00|40|06|64|e5|c0|a8|63|14|c0|a8|63|0e|0f|a0|fa|9e|2c|a4|15|d0|1b|10|23|fb|50|18|02|98|d5|f6|00|00|00|00|04|00|00|00|00|00|00|00|00|00|

+---------+---------------+----------+
23:55:06,921,695   ETHER
|0   |10|18|9e|0a|80|f7|d0|ad|08|66|8d|0a|08|00|45|00|00|31|f5|ae|40|00|2a|06|00|00|c0|a8|63|0e|c0|a8|63|14|fa|9e|0f|a0|1b|10|23|fb|2c|a4|15|dc|50|18|1d|7a|47|97|00|00|47|20|00|00|01|00|00|01|01|

+---------+---------------+----------+
23:55:06,922,869   ETHER
|0   |d0|ad|08|66|8d|0a|10|18|9e|0a|80|f7|08|00|45|00|00|34|8e|6c|40|00|40|06|64|e4|c0|a8|63|14|c0|a8|63|0e|0f|a0|fa|9e|2c|a4|15|dc|1b|10|24|04|50|18|02|98|d5|e1|00|00|00|00|04|00|00|00|00|00|00|00|00|00|

+---------+---------------+----------+
23:55:06,972,647   ETHER
|0   |10|18|9e|0a|80|f7|d0|ad|08|66|8d|0a|08|00|45|00|00|28|f5|af|40|00|2a|06|00|00|c0|a8|63|0e|c0|a8|63|14|fa|9e|0f|a0|1b|10|24|04|2c|a4|15|e8|50|10|1d|6e|47|8e|00|00|
